4294967279,546
4294967279,545
4294967279,544
4294967279,543
41,4
41,3
41,2
41,1
4294967294,437
40,4
40,3
40,2
40,1
4294967279,542
39,4
39,3
39,2
39,1
38,6
38,5
38,4
38,3
38,2
38,1
4294967278,361
37,5
37,4
37,3
37,2
37,1
4294967279,541
4294967278,360
4294967279,540
4294967278,359
4294967279,539
4294967279,538
36,5
36,4
36,3
36,2
36,1
4294967278,358
4294967279,537
4294967278,357
4294967278,356
35,5
35,4
35,3
35,2
35,1
34,4
34,3
34,2
34,1
4294967278,355
4294967279,536
4294967278,354
4294967279,535
4294967278,353
4294967279,534
4294967278,352
4294967279,533
4294967278,351
4294967279,532
4294967278,350
4294967279,531
4294967278,349
4294967279,530
33,4
33,3
33,2
33,1
4294967278,348
4294967278,347
32,4
32,3
32,2
32,1
31,4
31,3
31,2
31,1
4294967278,346
4294967279,529
4294967278,345
30,6
4294967279,528
30,5
30,4
30,3
30,2
30,1
4294967278,344
4294967278,343
4294967278,342
29,5
29,4
29,3
29,2
29,1
4294967279,527
28,5
28,4
28,3
28,2
28,1
4294967278,341
27,5
27,4
27,3
27,2
27,1
26,4
26,3
26,2
26,1
4294967278,340
4294967279,526
4294967279,525
4294967278,339
4294967278,338
4294967279,524
4294967278,337
4294967278,336
4294967278,335
4294967279,523
4294967279,522
4294967279,521
4294967278,334
4294967278,333
4294967279,520
4294967278,332
4294967279,519
25,4
4294967278,331
25,3
25,2
25,1
4294967278,330
4294967279,518
4294967279,517
4294967278,329
24,4
24,3
24,2
24,1
4294967279,516
23,4
23,3
23,2
23,1
4294967278,328
22,6
4294967278,327
4294967279,515
22,5
22,4
22,3
22,2
22,1
21,5
21,4
21,3
21,2
21,1
4294967279,514
4294967278,326
4294967279,513
4294967278,325
4294967279,512
4294967279,319
20,5
20,4
20,3
20,2
20,1
4294967278,324
4294967279,318
4294967278,323
4294967278,322
19,5
19,4
19,3
19,2
19,1
4294967279,317
18,4
18,3
18,2
18,1
4294967278,321
4294967279,316
4294967278,320
4294967279,315
4294967278,319
4294967279,314
4294967278,318
4294967279,313
4294967278,317
4294967279,312
4294967278,316
4294967279,311
4294967278,315
4294967279,310
4294967278,314
4294967279,309
4294967278,313
4294967279,308
4294967278,312
4294967279,307
17,4
17,3
17,2
17,1
4294967278,311
16,4
16,3
16,2
16,1
4294967279,306
15,4
15,3
15,2
15,1
4294967278,310
4294967279,305
4294967278,309
4294967278,308
14,6
4294967278,307
4294967279,304
4294967279,303
14,5
14,4
14,3
14,2
14,1
4294967278,306
4294967279,302
4294967278,305
13,5
13,4
13,3
13,2
13,1
4294967279,301
4294967278,304
4294967279,300
4294967279,299
12,5
12,4
12,3
12,2
12,1
4294967294,470
4294967279,298
4294967278,303
4294967278,302
11,5
11,4
11,3
11,2
11,1
4294967279,297
10,4
10,3
10,2
10,1
4294967279,296
4294967279,295
4294967279,294
4294967278,301
4294967278,300
4294967278,299
4294967279,293
4294967278,298
4294967279,291
4294967293,131
4294967293,130
4294967293,129
4294967293,128
4294967293,127
4294967293,126
4294967293,125
4294967293,124
4294967293,123
4294967293,122
4294967293,121
4294967293,120
4294967293,119
4294967293,118
4294967293,117
4294967293,116
4294967293,115
4294967293,114
4294967293,113
4294967293,112
4294967293,111
4294967293,110
4294967293,109
4294967293,108
4294967293,107
4294967293,106
4294967293,105
4294967293,104
4294967293,103
4294967293,102
4294967293,101
4294967293,100
4294967293,99
4294967293,98
4294967293,97
4294967293,96
4294967293,95
4294967293,94
4294967293,93
4294967293,92
4294967293,91
4294967293,90
4294967293,89
4294967293,88
4294967293,87
4294967293,86
4294967293,85
4294967293,84
4294967293,83
4294967293,82
4294967293,81
4294967293,80
4294967293,79
4294967293,78
4294967293,77
4294967293,76
4294967293,75
4294967293,74
4294967293,73
4294967293,72
4294967293,71
4294967293,70
4294967293,69
4294967293,68
4294967293,67
4294967293,66
